Time 0
____________________________________
|----N of Face----|------Flow-------|
____________________________________
|                0|                0|
|                1|                0|
|                2|                0|
|                3|              0.5|
|                4|                1|
|                5|                0|
|                6|      3.08211e-18|
|                7|      3.08211e-18|
|                8|      3.08211e-18|
|                9|              1.5|
|               10|      3.08211e-18|
___________________________________

Time 0
____________________________________
|----N of Face----|------Flow-------|
____________________________________
|                0|             -0.1|
|                1|             -0.1|
|                2|             -0.1|
|                3|              0.6|
|                4|                1|
|                5|             -0.1|
|                6|              0.1|
|                7|              0.1|
|                8|              0.1|
|                9|              1.4|
|               10|              0.1|
___________________________________

