____________________________________________________________________________________________________________________________________________________________________________
|N of Finit Element|-------Ver 1------|-------Ver 2------|-------Ver 3------|-------Ver 4------|-------Ver 5------|-------Ver 6------|-------Ver 7------|-------Ver 8------|
____________________________________________________________________________________________________________________________________________________________________________
|                 0|                 0|                 1|                 3|                 4|                 9|                10|                12|                13|
|                 1|                 1|                 2|                 4|                 5|                10|                11|                13|                14|
|                 2|                 3|                 4|                 6|                 7|                12|                13|                15|                16|
|                 3|                 4|                 5|                 7|                 8|                13|                14|                16|                17|
|                 4|                 9|                10|                12|                13|                18|                19|                21|                22|
|                 5|                10|                11|                13|                14|                19|                20|                22|                23|
|                 6|                12|                13|                15|                16|                21|                22|                24|                25|
|                 7|                13|                14|                16|                17|                22|                23|                25|                26|
____________________________________________________________________________________________________________________________________________________________________________
