Time 0
_________________________________________________________________
|-------x-------|-------y-------|-------z-------|---Solution----|
_________________________________________________________________
|              0|              0|              0|              0|
|            0.5|              0|              0|           0.25|
|              1|              0|              0|              1|
|              0|              1|              0|              0|
|            0.5|              1|              0|           0.25|
|              1|              1|              0|              1|
|              0|              0|              1|              0|
|            0.5|              0|              1|           0.25|
|              1|              0|              1|              1|
|              0|              1|              1|              0|
|            0.5|              1|              1|           0.25|
|              1|              1|              1|              1|
_________________________________________________________________
Time 0.1
_________________________________________________________________
|-------x-------|-------y-------|-------z-------|---Solution----|
_________________________________________________________________
|              0|              0|              0|              0|
|            0.5|              0|              0|           0.25|
|              1|              0|              0|              1|
|              0|              1|              0|              0|
|            0.5|              1|              0|           0.25|
|              1|              1|              0|              1|
|              0|              0|              1|              0|
|            0.5|              0|              1|           0.25|
|              1|              0|              1|              1|
|              0|              1|              1|              0|
|            0.5|              1|              1|           0.25|
|              1|              1|              1|              1|
_________________________________________________________________
Time 0.214694
_________________________________________________________________
|-------x-------|-------y-------|-------z-------|---Solution----|
_________________________________________________________________
|              0|              0|              0|              0|
|            0.5|              0|              0|           0.25|
|              1|              0|              0|              1|
|              0|              1|              0|              0|
|            0.5|              1|              0|           0.25|
|              1|              1|              0|              1|
|              0|              0|              1|              0|
|            0.5|              0|              1|           0.25|
|              1|              0|              1|              1|
|              0|              1|              1|              0|
|            0.5|              1|              1|           0.25|
|              1|              1|              1|              1|
_________________________________________________________________
Time 0.351466
_________________________________________________________________
|-------x-------|-------y-------|-------z-------|---Solution----|
_________________________________________________________________
|              0|              0|              0|              0|
|            0.5|              0|              0|           0.25|
|              1|              0|              0|              1|
|              0|              1|              0|              0|
|            0.5|              1|              0|           0.25|
|              1|              1|              0|              1|
|              0|              0|              1|              0|
|            0.5|              0|              1|           0.25|
|              1|              0|              1|              1|
|              0|              1|              1|              0|
|            0.5|              1|              1|           0.25|
|              1|              1|              1|              1|
_________________________________________________________________
Time 0.509079
_________________________________________________________________
|-------x-------|-------y-------|-------z-------|---Solution----|
_________________________________________________________________
|              0|              0|              0|              0|
|            0.5|              0|              0|           0.25|
|              1|              0|              0|              1|
|              0|              1|              0|              0|
|            0.5|              1|              0|           0.25|
|              1|              1|              0|              1|
|              0|              0|              1|              0|
|            0.5|              0|              1|           0.25|
|              1|              0|              1|              1|
|              0|              1|              1|              0|
|            0.5|              1|              1|           0.25|
|              1|              1|              1|              1|
_________________________________________________________________
Time 0.685968
_________________________________________________________________
|-------x-------|-------y-------|-------z-------|---Solution----|
_________________________________________________________________
|              0|              0|              0|              0|
|            0.5|              0|              0|           0.25|
|              1|              0|              0|              1|
|              0|              1|              0|              0|
|            0.5|              1|              0|           0.25|
|              1|              1|              0|              1|
|              0|              0|              1|              0|
|            0.5|              0|              1|           0.25|
|              1|              0|              1|              1|
|              0|              1|              1|              0|
|            0.5|              1|              1|           0.25|
|              1|              1|              1|              1|
_________________________________________________________________
Time 0.880581
_________________________________________________________________
|-------x-------|-------y-------|-------z-------|---Solution----|
_________________________________________________________________
|              0|              0|              0|              0|
|            0.5|              0|              0|           0.25|
|              1|              0|              0|              1|
|              0|              1|              0|              0|
|            0.5|              1|              0|           0.25|
|              1|              1|              0|              1|
|              0|              0|              1|              0|
|            0.5|              0|              1|           0.25|
|              1|              0|              1|              1|
|              0|              1|              1|              0|
|            0.5|              1|              1|           0.25|
|              1|              1|              1|              1|
_________________________________________________________________
Time 1.09144
_________________________________________________________________
|-------x-------|-------y-------|-------z-------|---Solution----|
_________________________________________________________________
|              0|              0|              0|              0|
|            0.5|              0|              0|           0.25|
|              1|              0|              0|              1|
|              0|              1|              0|              0|
|            0.5|              1|              0|           0.25|
|              1|              1|              0|              1|
|              0|              0|              1|              0|
|            0.5|              0|              1|           0.25|
|              1|              0|              1|              1|
|              0|              1|              1|              0|
|            0.5|              1|              1|           0.25|
|              1|              1|              1|              1|
_________________________________________________________________
Time 1.31715
_________________________________________________________________
|-------x-------|-------y-------|-------z-------|---Solution----|
_________________________________________________________________
|              0|              0|              0|              0|
|            0.5|              0|              0|           0.25|
|              1|              0|              0|              1|
|              0|              1|              0|              0|
|            0.5|              1|              0|           0.25|
|              1|              1|              0|              1|
|              0|              0|              1|              0|
|            0.5|              0|              1|           0.25|
|              1|              0|              1|              1|
|              0|              1|              1|              0|
|            0.5|              1|              1|           0.25|
|              1|              1|              1|              1|
_________________________________________________________________
Time 1.5564
_________________________________________________________________
|-------x-------|-------y-------|-------z-------|---Solution----|
_________________________________________________________________
|              0|              0|              0|              0|
|            0.5|              0|              0|           0.25|
|              1|              0|              0|              1|
|              0|              1|              0|              0|
|            0.5|              1|              0|           0.25|
|              1|              1|              0|              1|
|              0|              0|              1|              0|
|            0.5|              0|              1|           0.25|
|              1|              0|              1|              1|
|              0|              1|              1|              0|
|            0.5|              1|              1|           0.25|
|              1|              1|              1|              1|
_________________________________________________________________
Time 1.80799
_________________________________________________________________
|-------x-------|-------y-------|-------z-------|---Solution----|
_________________________________________________________________
|              0|              0|              0|              0|
|            0.5|              0|              0|           0.25|
|              1|              0|              0|              1|
|              0|              1|              0|              0|
|            0.5|              1|              0|           0.25|
|              1|              1|              0|              1|
|              0|              0|              1|              0|
|            0.5|              0|              1|           0.25|
|              1|              0|              1|              1|
|              0|              1|              1|              0|
|            0.5|              1|              1|           0.25|
|              1|              1|              1|              1|
_________________________________________________________________
Time 2.07079
_________________________________________________________________
|-------x-------|-------y-------|-------z-------|---Solution----|
_________________________________________________________________
|              0|              0|              0|              0|
|            0.5|              0|              0|           0.25|
|              1|              0|              0|              1|
|              0|              1|              0|              0|
|            0.5|              1|              0|           0.25|
|              1|              1|              0|              1|
|              0|              0|              1|              0|
|            0.5|              0|              1|           0.25|
|              1|              0|              1|              1|
|              0|              1|              1|              0|
|            0.5|              1|              1|           0.25|
|              1|              1|              1|              1|
_________________________________________________________________
Time 2.34375
_________________________________________________________________
|-------x-------|-------y-------|-------z-------|---Solution----|
_________________________________________________________________
|              0|              0|              0|              0|
|            0.5|              0|              0|           0.25|
|              1|              0|              0|              1|
|              0|              1|              0|              0|
|            0.5|              1|              0|           0.25|
|              1|              1|              0|              1|
|              0|              0|              1|              0|
|            0.5|              0|              1|           0.25|
|              1|              0|              1|              1|
|              0|              1|              1|              0|
|            0.5|              1|              1|           0.25|
|              1|              1|              1|              1|
_________________________________________________________________
Time 2.62589
_________________________________________________________________
|-------x-------|-------y-------|-------z-------|---Solution----|
_________________________________________________________________
|              0|              0|              0|              0|
|            0.5|              0|              0|           0.25|
|              1|              0|              0|              1|
|              0|              1|              0|              0|
|            0.5|              1|              0|           0.25|
|              1|              1|              0|              1|
|              0|              0|              1|              0|
|            0.5|              0|              1|           0.25|
|              1|              0|              1|              1|
|              0|              1|              1|              0|
|            0.5|              1|              1|           0.25|
|              1|              1|              1|              1|
_________________________________________________________________
Time 2.91634
_________________________________________________________________
|-------x-------|-------y-------|-------z-------|---Solution----|
_________________________________________________________________
|              0|              0|              0|              0|
|            0.5|              0|              0|           0.25|
|              1|              0|              0|              1|
|              0|              1|              0|              0|
|            0.5|              1|              0|           0.25|
|              1|              1|              0|              1|
|              0|              0|              1|              0|
|            0.5|              0|              1|           0.25|
|              1|              0|              1|              1|
|              0|              1|              1|              0|
|            0.5|              1|              1|           0.25|
|              1|              1|              1|              1|
_________________________________________________________________
Time 3.21427
_________________________________________________________________
|-------x-------|-------y-------|-------z-------|---Solution----|
_________________________________________________________________
|              0|              0|              0|              0|
|            0.5|              0|              0|           0.25|
|              1|              0|              0|              1|
|              0|              1|              0|              0|
|            0.5|              1|              0|           0.25|
|              1|              1|              0|              1|
|              0|              0|              1|              0|
|            0.5|              0|              1|           0.25|
|              1|              0|              1|              1|
|              0|              1|              1|              0|
|            0.5|              1|              1|           0.25|
|              1|              1|              1|              1|
_________________________________________________________________
Time 3.51892
_________________________________________________________________
|-------x-------|-------y-------|-------z-------|---Solution----|
_________________________________________________________________
|              0|              0|              0|              0|
|            0.5|              0|              0|           0.25|
|              1|              0|              0|              1|
|              0|              1|              0|              0|
|            0.5|              1|              0|           0.25|
|              1|              1|              0|              1|
|              0|              0|              1|              0|
|            0.5|              0|              1|           0.25|
|              1|              0|              1|              1|
|              0|              1|              1|              0|
|            0.5|              1|              1|           0.25|
|              1|              1|              1|              1|
_________________________________________________________________
Time 3.82961
_________________________________________________________________
|-------x-------|-------y-------|-------z-------|---Solution----|
_________________________________________________________________
|              0|              0|              0|              0|
|            0.5|              0|              0|           0.25|
|              1|              0|              0|              1|
|              0|              1|              0|              0|
|            0.5|              1|              0|           0.25|
|              1|              1|              0|              1|
|              0|              0|              1|              0|
|            0.5|              0|              1|           0.25|
|              1|              0|              1|              1|
|              0|              1|              1|              0|
|            0.5|              1|              1|           0.25|
|              1|              1|              1|              1|
_________________________________________________________________
Time 4.1457
_________________________________________________________________
|-------x-------|-------y-------|-------z-------|---Solution----|
_________________________________________________________________
|              0|              0|              0|              0|
|            0.5|              0|              0|           0.25|
|              1|              0|              0|              1|
|              0|              1|              0|              0|
|            0.5|              1|              0|           0.25|
|              1|              1|              0|              1|
|              0|              0|              1|              0|
|            0.5|              0|              1|           0.25|
|              1|              0|              1|              1|
|              0|              1|              1|              0|
|            0.5|              1|              1|           0.25|
|              1|              1|              1|              1|
_________________________________________________________________
Time 4.46662
_________________________________________________________________
|-------x-------|-------y-------|-------z-------|---Solution----|
_________________________________________________________________
|              0|              0|              0|              0|
|            0.5|              0|              0|           0.25|
|              1|              0|              0|              1|
|              0|              1|              0|              0|
|            0.5|              1|              0|           0.25|
|              1|              1|              0|              1|
|              0|              0|              1|              0|
|            0.5|              0|              1|           0.25|
|              1|              0|              1|              1|
|              0|              1|              1|              0|
|            0.5|              1|              1|           0.25|
|              1|              1|              1|              1|
_________________________________________________________________
Time 4.79185
_________________________________________________________________
|-------x-------|-------y-------|-------z-------|---Solution----|
_________________________________________________________________
|              0|              0|              0|              0|
|            0.5|              0|              0|           0.25|
|              1|              0|              0|              1|
|              0|              1|              0|              0|
|            0.5|              1|              0|           0.25|
|              1|              1|              0|              1|
|              0|              0|              1|              0|
|            0.5|              0|              1|           0.25|
|              1|              0|              1|              1|
|              0|              1|              1|              0|
|            0.5|              1|              1|           0.25|
|              1|              1|              1|              1|
_________________________________________________________________
Time 5.12092
_________________________________________________________________
|-------x-------|-------y-------|-------z-------|---Solution----|
_________________________________________________________________
|              0|              0|              0|              0|
|            0.5|              0|              0|           0.25|
|              1|              0|              0|              1|
|              0|              1|              0|              0|
|            0.5|              1|              0|           0.25|
|              1|              1|              0|              1|
|              0|              0|              1|              0|
|            0.5|              0|              1|           0.25|
|              1|              0|              1|              1|
|              0|              1|              1|              0|
|            0.5|              1|              1|           0.25|
|              1|              1|              1|              1|
_________________________________________________________________
Time 5.4534
_________________________________________________________________
|-------x-------|-------y-------|-------z-------|---Solution----|
_________________________________________________________________
|              0|              0|              0|              0|
|            0.5|              0|              0|           0.25|
|              1|              0|              0|              1|
|              0|              1|              0|              0|
|            0.5|              1|              0|           0.25|
|              1|              1|              0|              1|
|              0|              0|              1|              0|
|            0.5|              0|              1|           0.25|
|              1|              0|              1|              1|
|              0|              1|              1|              0|
|            0.5|              1|              1|           0.25|
|              1|              1|              1|              1|
_________________________________________________________________
Time 5.7889
_________________________________________________________________
|-------x-------|-------y-------|-------z-------|---Solution----|
_________________________________________________________________
|              0|              0|              0|              0|
|            0.5|              0|              0|           0.25|
|              1|              0|              0|              1|
|              0|              1|              0|              0|
|            0.5|              1|              0|           0.25|
|              1|              1|              0|              1|
|              0|              0|              1|              0|
|            0.5|              0|              1|           0.25|
|              1|              0|              1|              1|
|              0|              1|              1|              0|
|            0.5|              1|              1|           0.25|
|              1|              1|              1|              1|
_________________________________________________________________
Time 6.12707
_________________________________________________________________
|-------x-------|-------y-------|-------z-------|---Solution----|
_________________________________________________________________
|              0|              0|              0|              0|
|            0.5|              0|              0|           0.25|
|              1|              0|              0|              1|
|              0|              1|              0|              0|
|            0.5|              1|              0|           0.25|
|              1|              1|              0|              1|
|              0|              0|              1|              0|
|            0.5|              0|              1|           0.25|
|              1|              0|              1|              1|
|              0|              1|              1|              0|
|            0.5|              1|              1|           0.25|
|              1|              1|              1|              1|
_________________________________________________________________
Time 6.46762
_________________________________________________________________
|-------x-------|-------y-------|-------z-------|---Solution----|
_________________________________________________________________
|              0|              0|              0|              0|
|            0.5|              0|              0|           0.25|
|              1|              0|              0|              1|
|              0|              1|              0|              0|
|            0.5|              1|              0|           0.25|
|              1|              1|              0|              1|
|              0|              0|              1|              0|
|            0.5|              0|              1|           0.25|
|              1|              0|              1|              1|
|              0|              1|              1|              0|
|            0.5|              1|              1|           0.25|
|              1|              1|              1|              1|
_________________________________________________________________
Time 6.81025
_________________________________________________________________
|-------x-------|-------y-------|-------z-------|---Solution----|
_________________________________________________________________
|              0|              0|              0|              0|
|            0.5|              0|              0|           0.25|
|              1|              0|              0|              1|
|              0|              1|              0|              0|
|            0.5|              1|              0|           0.25|
|              1|              1|              0|              1|
|              0|              0|              1|              0|
|            0.5|              0|              1|           0.25|
|              1|              0|              1|              1|
|              0|              1|              1|              0|
|            0.5|              1|              1|           0.25|
|              1|              1|              1|              1|
_________________________________________________________________
Time 7.15472
_________________________________________________________________
|-------x-------|-------y-------|-------z-------|---Solution----|
_________________________________________________________________
|              0|              0|              0|              0|
|            0.5|              0|              0|           0.25|
|              1|              0|              0|              1|
|              0|              1|              0|              0|
|            0.5|              1|              0|           0.25|
|              1|              1|              0|              1|
|              0|              0|              1|              0|
|            0.5|              0|              1|           0.25|
|              1|              0|              1|              1|
|              0|              1|              1|              0|
|            0.5|              1|              1|           0.25|
|              1|              1|              1|              1|
_________________________________________________________________
Time 7.50081
_________________________________________________________________
|-------x-------|-------y-------|-------z-------|---Solution----|
_________________________________________________________________
|              0|              0|              0|              0|
|            0.5|              0|              0|           0.25|
|              1|              0|              0|              1|
|              0|              1|              0|              0|
|            0.5|              1|              0|           0.25|
|              1|              1|              0|              1|
|              0|              0|              1|              0|
|            0.5|              0|              1|           0.25|
|              1|              0|              1|              1|
|              0|              1|              1|              0|
|            0.5|              1|              1|           0.25|
|              1|              1|              1|              1|
_________________________________________________________________
Time 7.84833
_________________________________________________________________
|-------x-------|-------y-------|-------z-------|---Solution----|
_________________________________________________________________
|              0|              0|              0|              0|
|            0.5|              0|              0|           0.25|
|              1|              0|              0|              1|
|              0|              1|              0|              0|
|            0.5|              1|              0|           0.25|
|              1|              1|              0|              1|
|              0|              0|              1|              0|
|            0.5|              0|              1|           0.25|
|              1|              0|              1|              1|
|              0|              1|              1|              0|
|            0.5|              1|              1|           0.25|
|              1|              1|              1|              1|
_________________________________________________________________
Time 8.19709
_________________________________________________________________
|-------x-------|-------y-------|-------z-------|---Solution----|
_________________________________________________________________
|              0|              0|              0|              0|
|            0.5|              0|              0|           0.25|
|              1|              0|              0|              1|
|              0|              1|              0|              0|
|            0.5|              1|              0|           0.25|
|              1|              1|              0|              1|
|              0|              0|              1|              0|
|            0.5|              0|              1|           0.25|
|              1|              0|              1|              1|
|              0|              1|              1|              0|
|            0.5|              1|              1|           0.25|
|              1|              1|              1|              1|
_________________________________________________________________
Time 8.54694
_________________________________________________________________
|-------x-------|-------y-------|-------z-------|---Solution----|
_________________________________________________________________
|              0|              0|              0|              0|
|            0.5|              0|              0|           0.25|
|              1|              0|              0|              1|
|              0|              1|              0|              0|
|            0.5|              1|              0|           0.25|
|              1|              1|              0|              1|
|              0|              0|              1|              0|
|            0.5|              0|              1|           0.25|
|              1|              0|              1|              1|
|              0|              1|              1|              0|
|            0.5|              1|              1|           0.25|
|              1|              1|              1|              1|
_________________________________________________________________
Time 8.89775
_________________________________________________________________
|-------x-------|-------y-------|-------z-------|---Solution----|
_________________________________________________________________
|              0|              0|              0|              0|
|            0.5|              0|              0|           0.25|
|              1|              0|              0|              1|
|              0|              1|              0|              0|
|            0.5|              1|              0|           0.25|
|              1|              1|              0|              1|
|              0|              0|              1|              0|
|            0.5|              0|              1|           0.25|
|              1|              0|              1|              1|
|              0|              1|              1|              0|
|            0.5|              1|              1|           0.25|
|              1|              1|              1|              1|
_________________________________________________________________
Time 9.24939
_________________________________________________________________
|-------x-------|-------y-------|-------z-------|---Solution----|
_________________________________________________________________
|              0|              0|              0|              0|
|            0.5|              0|              0|           0.25|
|              1|              0|              0|              1|
|              0|              1|              0|              0|
|            0.5|              1|              0|           0.25|
|              1|              1|              0|              1|
|              0|              0|              1|              0|
|            0.5|              0|              1|           0.25|
|              1|              0|              1|              1|
|              0|              1|              1|              0|
|            0.5|              1|              1|           0.25|
|              1|              1|              1|              1|
_________________________________________________________________
Time 9.35161
_________________________________________________________________
|-------x-------|-------y-------|-------z-------|---Solution----|
_________________________________________________________________
|              0|              0|              0|              0|
|            0.5|              0|              0|           0.25|
|              1|              0|              0|              1|
|              0|              1|              0|              0|
|            0.5|              1|              0|           0.25|
|              1|              1|              0|              1|
|              0|              0|              1|              0|
|            0.5|              0|              1|           0.25|
|              1|              0|              1|              1|
|              0|              1|              1|              0|
|            0.5|              1|              1|           0.25|
|              1|              1|              1|              1|
_________________________________________________________________
Time 9.38288
_________________________________________________________________
|-------x-------|-------y-------|-------z-------|---Solution----|
_________________________________________________________________
|              0|              0|              0|              0|
|            0.5|              0|              0|           0.25|
|              1|              0|              0|              1|
|              0|              1|              0|              0|
|            0.5|              1|              0|           0.25|
|              1|              1|              0|              1|
|              0|              0|              1|              0|
|            0.5|              0|              1|           0.25|
|              1|              0|              1|              1|
|              0|              1|              1|              0|
|            0.5|              1|              1|           0.25|
|              1|              1|              1|              1|
_________________________________________________________________
Time 9.92671
_________________________________________________________________
|-------x-------|-------y-------|-------z-------|---Solution----|
_________________________________________________________________
|              0|              0|              0|              0|
|            0.5|              0|              0|           0.25|
|              1|              0|              0|              1|
|              0|              1|              0|              0|
|            0.5|              1|              0|           0.25|
|              1|              1|              0|              1|
|              0|              0|              1|              0|
|            0.5|              0|              1|           0.25|
|              1|              0|              1|              1|
|              0|              1|              1|              0|
|            0.5|              1|              1|           0.25|
|              1|              1|              1|              1|
_________________________________________________________________
Time 11.4473
_________________________________________________________________
|-------x-------|-------y-------|-------z-------|---Solution----|
_________________________________________________________________
|              0|              0|              0|              0|
|            0.5|              0|              0|           0.25|
|              1|              0|              0|              1|
|              0|              1|              0|              0|
|            0.5|              1|              0|           0.25|
|              1|              1|              0|              1|
|              0|              0|              1|              0|
|            0.5|              0|              1|           0.25|
|              1|              0|              1|              1|
|              0|              1|              1|              0|
|            0.5|              1|              1|           0.25|
|              1|              1|              1|              1|
_________________________________________________________________
Time 13.9657
_________________________________________________________________
|-------x-------|-------y-------|-------z-------|---Solution----|
_________________________________________________________________
|              0|              0|              0|              0|
|            0.5|              0|              0|           0.25|
|              1|              0|              0|              1|
|              0|              1|              0|              0|
|            0.5|              1|              0|           0.25|
|              1|              1|              0|              1|
|              0|              0|              1|              0|
|            0.5|              0|              1|           0.25|
|              1|              0|              1|              1|
|              0|              1|              1|              0|
|            0.5|              1|              1|           0.25|
|              1|              1|              1|              1|
_________________________________________________________________
