100
0
0.00102624
0.00153138
0.00203677
0.00254224
0.00304596
0.00354657
0.00404381
0.00453754
0.00502777
0.00551473
0.0059978
0.0064774
0.00695442
0.00742914
0.00790176
0.00837343
0.00884451
0.00931444
0.00978443
0.0102533
0.0107208
0.0111882
0.0116539
0.0121186
0.0125828
0.0130451
0.0135064
0.0139668
0.0144256
0.0148831
0.0153391
0.0157937
0.0162471
0.0166995
0.017151
0.0176018
0.018052
0.0185018
0.0189514
0.0194007
0.01985
0.0202994
0.020749
0.0211988
0.0216489
0.0220994
0.0225503
0.0230017
0.0234537
0.0239062
0.0243592
0.0248129
0.0252671
0.025722
0.0261775
0.0266336
0.0270904
0.0275478
0.0280058
0.0284644
0.0289236
0.0293833
0.0298437
0.0303046
0.030766
0.031228
0.0316904
0.0321534
0.0326168
0.0330807
0.0335451
0.0340099
0.034475
0.0349406
0.0354066
0.035873
0.0363397
0.0368068
0.0372742
0.0377419
0.03821
0.0386784
0.0391471
0.0396161
0.0400853
0.0405549
0.0410247
0.0414948
0.0419652
0.0424358
0.0429067
0.0433778
0.0438492
0.0443208
0.0447927
0.0452648
0.0457371
0.0462096
0.0466824
